2400,00000,00000,           2.4

# entrance 1.1
100 ,11111,11111,           2.5
300 ,00000,00000,           2.8
100 ,11111,11111,           2.9
100 ,00000,00000,           3.0
100 ,11111,11111,           3.1
100 ,00000,00000,           3.2

# entrance 1.2
100 ,11111,11111,           3.3
300 ,00000,00000,           3.6
100 ,11111,11111,           3.7
100 ,00000,00000,           3.8
100 ,11111,11111,           3.9
100 ,00000,00000,           4.0

# entrance 1.3
100 ,11111,11111,           4.1
300 ,00000,00000,           4.4
100 ,11111,11111,           4.5
100 ,00000,00000,           4.6
100 ,11111,11111,           4.7
100 ,00000,00000,           4.8

# entrance 1.4
100 ,11111,11111,           4.9
300 ,00000,00000,           5.2
100 ,11111,11111,           5.3
100 ,00000,00000,           5.4
100 ,11111,11111,           5.5
100 ,00000,00000,           5.6

# entrance 1.5
100 ,11111,11111,           5.7
300 ,00000,00000,           6.0
100 ,11111,11111,           6.1
100 ,00000,00000,           6.2
100 ,11111,11111,           6.3
100 ,00000,00000,           6.4

# entrance 1.6 (end starts with transition)
100 ,11111,11111,           6.5
300 ,00000,00000,           6.8
100 ,11111,11111,           6.9
100 ,00000,00000,           7.0
100 ,11111,11111,           7.1
200 ,00000,00000,           7.3


# transition to 2nd entrance part
200 ,10001,10001,           7.5
200 ,01010,01010,           7.7
200 ,10101,10101,           7.9
200 ,01010,01010,           8.1
200 ,00100,00100,           8.3
300 ,00000,00000,           8.6
100 ,11111,11111,           8.7
100 ,00000,00000,           8.8


# entrance 2.1
100 ,11111,11111,           8.9
300 ,00000,00000,           9.2
100 ,11111,11111,           9.3
100 ,00000,00000,           9.4
100 ,11111,11111,           9.5
100 ,00000,00000,           9.6

# entrance 2.2
100 ,11111,11111,           9.7
300 ,00000,00000,          10.0
100 ,11111,11111,          10.1
100 ,00000,00000,          10.2
100 ,11111,11111,          10.3
100 ,00000,00000,          10.4

# entrance 2.3
100 ,11111,11111,          10.5
300 ,00000,00000,          10.8
100 ,11111,11111,          10.9
100 ,00000,00000,          11.0
100 ,11111,11111,          11.1
100 ,00000,00000,          11.2

# entrance 2.4
100 ,11111,11111,          11.3
300 ,00000,00000,          11.6
100 ,11111,11111,          11.7
100 ,00000,00000,          11.8
100 ,11111,11111,          11.9
100 ,00000,00000,          12.0

# entrance 2.5
100 ,11111,11111,          12.1
300 ,00000,00000,          12.4
100 ,11111,11111,          12.5
100 ,00000,00000,          12.6
100 ,11111,11111,          12.7
100 ,00000,00000,          12.8

# entrance 2.6 (end starts with transition)
100 ,11111,11111,          12.9
500 ,00000,00000,          13.4
100 ,11111,11111,          13.5
100 ,00000,00000,          13.6
100 ,11111,11111,          13.7

# transition entrance end
100 ,11011,11011,          13.8
100 ,01010,01010,          13.9
100 ,01000,01000,          14.0
100 ,00100,00100,          14.1
100 ,00010,00010,          14.2
100 ,00100,00100,          14.3
100 ,01000,01000,          14.4
100 ,00100,00100,          14.5
100 ,01010,01010,          14.6
300 ,11011,11011,          14.9
200 ,00000,00000,          15.1


# section blinkers opposite
100 ,10000,10000,          15.2
100 ,11110,11110,          15.3

300 ,01010,01010,          15.6

200 ,00101,00101,          15.8
200 ,00100,00100,          16.0
100 ,10100,10100,          16.1
200 ,11111,11111,          16.3
200 ,01011,01011,          16.5
200 ,11111,11111,          16.7
200 ,11010,11010,          16.8
200 ,01010,01010,          17.0

100 ,00100,00100,          17.1

200 ,00101,00101,          17.3
200 ,00100,00100,          17.5
100 ,10100,10100,          17.6
200 ,11111,11111,          17.7
200 ,01011,01011,          17.9
200 ,11111,11111,          18.1
200 ,11010,11010,          18.3
200 ,10100,10100,          18.5

100 ,00100,00100,          18.6


# section blinkers opposite end
200 ,00101,00101,          18.8
200 ,11111,11111,          19.0
200 ,11110,11110,          19.2
300 ,01010,01010,          19.5
500 ,00101,00101,          20.0
200 ,11111,11111,          20.2

1500,00000,00000,          21.7


# section PAM....PAM.PAM
300 ,11111,11111,          22.0
1300,00000,00000,          23.3
200 ,11111,11111,          23.5

400 ,00000,00000,          23.9
100 ,11111,11111,          24.0
100 ,00000,00000,          24.1
100 ,11111,11111,          24.2

400 ,00000,00000,          24.6
100 ,11111,11111,          24.7
100 ,00000,00000,          24.8
100 ,11111,11111,          24.9

300 ,00000,00000,          25.2


# prepare for falcon wing doors
200 ,10000,10000,          25.4
200 ,00000,00000,          25.2
200 ,00001,00001,          25.6

500 ,00000,00000,          26.1
200 ,01000,01000,          26.2
300 ,00000,00000,          26.5
200 ,00010,00010,          26.7

200 ,00000,00000,          26.9
200 ,10001,10001,          27.1
200 ,00000,00000,          27.3
200 ,11111,11111,          27.5
200 ,00000,00000,          27.7
200 ,01010,01010,          27.9
100 ,00000,00000,          28.0


# falcon wing doors opening
100 ,00001,00001,          28.1
100 ,10000,10000,          28.2
100 ,00001,00001,          28.3
100 ,10000,10000,          28.4
100 ,00001,00001,          28.5
100 ,10000,10000,          28.6
100 ,00001,00001,          28.7
100 ,10000,10000,          28.8
100 ,00001,00001,          28.9

100 ,10000,10000,          29.0
100 ,00001,00001,          29.1
100 ,10000,10000,          29.2
100 ,00001,00001,          29.3
100 ,10000,10000,          29.4
100 ,00001,00001,          29.5
100 ,10000,10000,          29.6
100 ,00001,00001,          29.7
100 ,10000,10000,          29.8
100 ,00001,00001,          29.9

100 ,10000,10000,          30.0
100 ,00001,00001,          30.1
100 ,10000,10000,          30.2
100 ,00001,00001,          30.3
100 ,10000,10000,          30.4
100 ,00001,00001,          30.5
100 ,10000,10000,          30.6
100 ,00001,00001,          30.7
100 ,10000,10000,          30.8
100 ,00001,00001,          30.9

100 ,10000,10000,          31.0
100 ,00001,00001,          31.1
100 ,10000,10000,          31.2
100 ,00001,00001,          31.3
100 ,10000,10000,          31.4
100 ,00001,00001,          31.5
100 ,10000,10000,          31.6
100 ,00001,00001,          31.7
100 ,10000,10000,          31.8
100 ,00001,00001,          31.9
100 ,10000,10000,          32.0

100 ,00001,00001,          32.1
100 ,10000,10000,          32.2
100 ,00001,00001,          32.3
100 ,10000,10000,          32.4
100 ,00001,00001,          32.5
100 ,10000,10000,          32.6
100 ,00001,00001,          32.7
100 ,10000,10000,          32.8
100 ,00001,00001,          32.9
100 ,10000,10000,          33.0

100 ,00001,00001,          33.1
100 ,10000,10000,          33.2
100 ,00001,00001,          33.3
100 ,10000,10000,          33.4
100 ,00001,00001,          33.5
100 ,10000,10000,          33.6
100 ,00001,00001,          33.7
100 ,10000,10000,          33.8
100 ,00001,00001,          33.9
100 ,10000,10000,          34.0

100 ,00001,00001,          34.1
100 ,10000,10000,          34.2
100 ,00001,00001,          34.3
100 ,10000,10000,          34.4
100 ,00001,00001,          34.5
100 ,10000,10000,          34.6
100 ,00001,00001,          34.7
100 ,10000,10000,          34.8
100 ,00001,00001,          34.9
100 ,10000,10000,          35.0

# falcon wing doors still opening (bells section)
100 ,01001,01001,          35.1
100 ,10100,10100,          35.2
100 ,00011,00011,          35.3
100 ,10100,10100,          35.4
100 ,01001,01001,          35.5
100 ,10100,10100,          35.6
100 ,00011,00011,          35.7
100 ,11110,11110,          35.8
100 ,01111,01111,          35.9
100 ,11110,11110,          36.0

100 ,01111,01111,          36.1
100 ,11110,11110,          36.2
100 ,00001,00001,          36.3
100 ,10000,10000,          36.4
100 ,00001,00001,          36.5
100 ,10000,10000,          36.6
100 ,00011,00011,          36.7
100 ,10100,10100,          36.8
100 ,01001,01001,          36.9
100 ,10100,10100,          37.0

100 ,00011,00011,          37.1
100 ,10100,10100,          37.2
100 ,01001,01001,          37.3
100 ,10100,10100,          37.4
100 ,01111,01111,          37.5
100 ,11110,11110,          37.6
100 ,01111,01111,          37.7
100 ,11110,11110,          37.8
100 ,01111,01111,          37.9
100 ,10000,10000,          38.0

100 ,00001,01001,          38.1
100 ,10000,10000,          38.2
100 ,01001,01001,          38.3
100 ,10100,10100,          38.4
100 ,00011,00011,          38.5
100 ,10100,10100,          38.6
100 ,01001,01001,          38.7
100 ,10000,10000,          38.8
100 ,00001,00001,          38.9
100 ,11010,11010,          39.0

100 ,01011,01011,          39.1
100 ,11010,11010,          39.2
100 ,01011,01011,          39.3
100 ,11010,11010,          39.4
100 ,00001,00001,          39.5
100 ,10110,10110,          39.6
100 ,00111,00111,          39.7
100 ,10000,10000,          39.8
100 ,00001,00001,          39.9
100 ,11100,11100,          40.0

100 ,01101,01101,          40.1
100 ,10000,10000,          40.2
100 ,00001,00001,          40.3
100 ,10110,10110,          40.4
100 ,00111,00111,          40.5
100 ,10000,10000,          40.6
100 ,00001,00001,          40.7
100 ,11100,10000,          40.8
100 ,01101,00001,          40.9
100 ,10000,10000,          41.0

100 ,00001,00001,          41.1
100 ,10000,10000,          41.2
100 ,00001,00001,          41.3
100 ,10000,10000,          41.4
100 ,01001,01001,          41.5
100 ,10100,10100,          41.6
100 ,00011,00011,          41.7
100 ,10100,10100,          41.8
100 ,01001,01001,          41.9
100 ,10100,10100,          42.0

100 ,00011,00011,          42.1
100 ,10100,10100,          42.2
100 ,01111,01111,          42.3
100 ,11110,11110,          42.4
100 ,01111,01111,          42.5
100 ,11110,11110,          42.6
100 ,01111,01111,          42.7
100 ,10000,10000,          42.8
100 ,00001,00001,          42.9
100 ,10000,10000,          43.0

100 ,01001,01001,          43.1
100 ,10100,10100,          43.2
100 ,00011,00011,          43.3
100 ,10100,10100,          43.4
100 ,01001,01001,          43.5
100 ,10100,10100,          43.6
100 ,00011,00011,          43.7
100 ,10100,10100,          43.8
100 ,01111,01111,          43.9
100 ,11110,11110,          44.0

100 ,01111,01111,          44.1
100 ,11110,11110,          44.2
100 ,01111,01111,          44.3
100 ,10000,10000,          44.4
100 ,00001,00001,          44.5
100 ,10000,10000,          44.6
100 ,00001,00001,          44.7
100 ,10010,10010,          44.8
100 ,00101,00101,          44.9
100 ,11000,11000,          45.0

100 ,00101,00101,          45.1
100 ,10010,10010,          45.2
100 ,00001,00001,          45.3
100 ,11010,11010,          45.4
100 ,01011,01011,          45.5
100 ,11010,11010,          45.6
100 ,01011,01011,          45.7
100 ,11010,11010,          45.8
100 ,00001,00001,          45.9
100 ,10010,10010,          46.0

100 ,00011,00011,          46.1
100 ,10010,10010,          46.2
100 ,00001,00001,          46.3
100 ,11000,11000,          46.4
100 ,01001,01001,          46.5
100 ,11000,11000,          46.6
100 ,00001,00001,          46.7
100 ,10110,10110,          46.8
100 ,00111,00111,          46.9
100 ,10000,10000,          47.0

100 ,01101,01101,          47.1
100 ,11100,11100,          47.2
100 ,00001,00001,          47.3
100 ,10000,10000,          47.4
100 ,00001,00001,          47.5
100 ,10000,10000,          47.6

# falcon wing doors end
100 ,11111,11111,          47.7
100 ,11111,11111,          47.8
100 ,01110,01110,          47.9

1400,00000,00000,          49.3


# section PAM....PAM.PAM
300 ,11111,11111,          49.5
1300,00000,00000,          50.8
200 ,11111,11111,          51.0

400 ,00000,00000,          51.4
100 ,11111,11111,          51.5
100 ,00000,00000,          51.6
100 ,11111,11111,          51.7

400 ,00000,00000,          52.1
100 ,11111,11111,          52.2
100 ,00000,00000,          52.3
100 ,11111,11111,          52.4

500 ,00000,00000,          52.8
100 ,11111,11111,          52.9
200 ,00000,00000,          53.1
200 ,11111,11111,          53.3

400 ,00000,00000,          53.7


# section up/down/up/down/...
200 ,11111,11111,          53.9
200 ,11110,11110,          54.1
200 ,01110,01110,          54.3
200 ,01001,01001,          54.5
200 ,00100,00100,          54.7
200 ,10010,10010,          54.9

400 ,11111,11111,          55.3
200 ,01111,01111,          55.5
400 ,01010,01010,          55.9
200 ,10100,10100,          56.1

200 ,00100,00100,          56.3
200 ,00101,00101,          56.5
200 ,11111,11111,          56.7
200 ,11110,11110,          56.9
200 ,11111,11111,          57.1
200 ,01011,01011,          57.3

200 ,01010,01010,          57.5
200 ,10100,10100,          57.7
200 ,00100,00100,          57.9
200 ,01111,01111,          58.1
200 ,01010,01010,          58.3

200 ,10100,10100,          58.5
200 ,00100,00100,          58.7
200 ,11111,11111,          59.1
300 ,00000,00000,          59.4
200 ,01110,01110,          59.6
200 ,01010,01010,          59.8
200 ,00100,00100,          60.4

100 ,11111,11111,          60.5
300 ,00000,00000,          60.8


# section up/down/up/down/... (2nd)
200 ,11110,11110,          61.0
200 ,01110,01110,          61.2
200 ,01001,01001,          61.4
200 ,00100,00100,          61.6
200 ,10010,10010,          61.8

200 ,01110,01110,          62.0
200 ,01011,01011,          62.2
200 ,01110,01110,          62.4
200 ,11110,11110,          62.6

200 ,01010,01010,          62.8
200 ,00101,00101,          63.0
200 ,00100,00100,          63.2
200 ,11110,11110,          63.4
200 ,11011,11011,          63.6
200 ,01111,01111,          63.8
200 ,11011,11011,          64.0

200 ,11010,11010,          64.2
200 ,00100,00100,          64.4
200 ,00101,00101,          64.6

200 ,01110,01110,          64.8
200 ,11010,11010,          65.0
400 ,01110,01110,          65.4
200 ,11111,11111,          65.6


# transition
1400,00000,00000,          67.0
200 ,11111,11111,          67.2
9500,00000,00000,          76.7


# front side doors opening (1)
100 ,10001,10001,          76.8
100 ,00000,00000,          76.9
50  ,10001,10001,          76.95
50  ,11011,11011,          77.0
50  ,10001,10001,          77.05

250 ,00000,00000,          77.3
50  ,10001,10001,          77.35
50  ,11011,11011,          77.4
50  ,10001,10001,          77.45
50  ,00000,00000,          77.5

100 ,00000,00000,          77.6
50  ,10001,10001,          77.65
50  ,11011,11011,          77.7

300 ,00000,00000,          78.0
50  ,10001,10001,          78.05
50  ,11011,11011,          78.1
50  ,10001,10001,          78.15
50  ,00000,00000,          78.2

# front side doors opening (2)
100 ,10001,10001,          78.3
100 ,00000,00000,          78.4
50  ,10001,10001,          78.45
50  ,11011,11011,          78.5
50  ,10001,10001,          78.55

350 ,00000,00000,          78.9
50  ,10001,10001,          78.95
50  ,11011,11011,          79.0
50  ,10001,10001,          79.05
50  ,00000,00000,          79.1

100 ,00000,00000,          79.2
50  ,10001,10001,          79.25
50  ,11011,11011,          79.3

300 ,00000,00000,          79.6
50  ,10001,10001,          79.65
50  ,11011,11011,          79.7
50  ,10001,10001,          79.75
50  ,00000,00000,          79.8

# front side doors opening (3)
100 ,10001,10001,          79.9
100 ,00000,00000,          80.0
50  ,10001,10001,          80.05
50  ,11011,11011,          80.1
50  ,10001,10001,          80.15

350 ,00000,00000,          80.5
50  ,10001,10001,          80.55
50  ,11011,11011,          80.6
50  ,10001,10001,          80.65
50  ,00000,00000,          80.7

100 ,00000,00000,          80.8
50  ,10001,10001,          80.85
50  ,11011,11011,          80.9

300 ,00000,00000,          81.2
50  ,10001,10001,          81.25
50  ,11011,11011,          81.3
50  ,10001,10001,          81.35
50  ,00000,00000,          81.4

# front side doors opening (4)
100 ,10001,10001,          81.5
100 ,00000,00000,          81.6
50  ,10001,10001,          81.65
50  ,11011,11011,          81.7
50  ,10001,10001,          81.75

350 ,00000,00000,          82.1
50  ,10001,10001,          82.15
50  ,11011,11011,          82.2
50  ,10001,10001,          82.25
50  ,00000,00000,          82.3

100 ,00000,00000,          82.4
50  ,10001,10001,          82.45
50  ,11011,11011,          82.5

300 ,00000,00000,          82.8
50  ,10001,10001,          82.85
50  ,11011,11011,          82.9
50  ,10001,10001,          82.95
50  ,00000,00000,          83.0

# front side doors opening (5)
100 ,10001,10001,          83.6
100 ,00000,00000,          83.7
50  ,10001,10001,          83.75
50  ,11011,11011,          83.8
50  ,10001,10001,          83.85

350 ,00000,00000,          84.2
50  ,10001,10001,          84.25
50  ,11011,11011,          84.3
50  ,10001,10001,          84.35
50  ,00000,00000,          84.4

100 ,00000,00000,          84.5
50  ,10001,10001,          84.55
50  ,11011,11011,          84.6

300 ,00000,00000,          84.9
50  ,10001,10001,          84.95
50  ,11011,11011,          85.0
50  ,10001,10001,          85.05
50  ,00000,00000,          85.1

# front side doors opening (6)
100 ,10001,10001,          85.2
100 ,00000,00000,          85.3
50  ,10001,10001,          85.35
50  ,11011,11011,          85.4
50  ,10001,10001,          85.45

350 ,00000,00000,          85.8
50  ,10001,10001,          85.85
50  ,11011,11011,          85.9
50  ,10001,10001,          85.95
50  ,00000,00000,          86.0

100 ,00000,00000,          85.1
50  ,10001,10001,          85.15
50  ,11011,11011,          85.2

300 ,00000,00000,          85.5
50  ,10001,10001,          85.55
50  ,11011,11011,          85.6
50  ,10001,10001,          85.65
50  ,00000,00000,          85.7

# front side doors opening (7)
100 ,10001,10001,          85.8
100 ,00000,00000,          85.9
50  ,10001,10001,          85.95
50  ,11011,11011,          86.0
50  ,10001,10001,          86.05

350 ,00000,00000,          86.4
50  ,10001,10001,          86.45
50  ,11011,11011,          86.5
50  ,10001,10001,          86.55
50  ,00000,00000,          86.6

100 ,00000,00000,          86.7
50  ,10001,10001,          86.75
50  ,11011,11011,          86.8

300 ,00000,00000,          87.1
50  ,10001,10001,          87.15
50  ,11011,11011,          87.2
50  ,10001,10001,          87.25
50  ,00000,00000,          87.3

# front side doors opening (8)
100 ,10001,10001,          87.4
100 ,00000,00000,          87.5
50  ,10001,10001,          87.55
50  ,11011,11011,          87.6
50  ,10001,10001,          87.65

350 ,00000,00000,          88.0
50  ,10001,10001,          88.05
50  ,11011,11011,          88.1
50  ,10001,10001,          88.15
50  ,00000,00000,          88.2

100 ,00000,00000,          88.3
50  ,10001,10001,          88.35
50  ,11011,11011,          88.4

300 ,00000,00000,          88.7
50  ,10001,10001,          88.75
50  ,11011,11011,          88.8
50  ,10001,10001,          88.85
50  ,00000,00000,          88.9

# front side doors opening (9)
100 ,10001,10001,          89.0
100 ,00000,00000,          89.1
50  ,10001,10001,          89.15
50  ,11011,11011,          89.2
50  ,10001,10001,          89.25

350 ,00000,00000,          89.6
50  ,10001,10001,          89.65
50  ,11011,11011,          89.7
50  ,10001,10001,          89.75
50  ,00000,00000,          89.8

100 ,00000,00000,          89.9
50  ,10001,10001,          90.05
50  ,11011,11011,          90.1

300 ,00000,00000,          90.4
50  ,10001,10001,          90.45
50  ,11011,11011,          90.5
50  ,10001,10001,          90.55
50  ,00000,00000,          90.6

# front side doors opening (10) end
100 ,10001,10001,          90.7
100 ,00000,00000,          90.8
50  ,10001,10001,          90.85
50  ,11011,11011,          90.9
50  ,10001,10001,          90.95

350 ,00000,00000,          91.3
50  ,10001,10001,          91.35
50  ,11011,11011,          91.4
50  ,10001,10001,          91.45
50  ,00000,00000,          91.5

100 ,00000,00000,          91.6
50  ,10001,10001,          91.65
50  ,11011,11011,          91.7

300 ,00000,00000,          92.0


# prepare and close front side doors
900 ,01110,01110,          92.9
200 ,11111,11111,          93.1
1400,00000,00000,          94.5
200 ,11111,11111,          94.7
600 ,00000,00000,          95.3
200 ,11111,11111,          95.5
600 ,00000,00000,          96.1
200 ,11111,11111,          96.3
600 ,00000,00000,          96.5
100 ,11111,11111,          96.6
300 ,00000,00000,          96.9
200 ,11111,11111,          97.1
200 ,00000,00000,          97.3


# mid section to end
200 ,11111,11111,          97.5
200 ,01111,01111,          97.7
200 ,01110,01110,          97.9
200 ,11010,11010,          98.1
200 ,01010,01010,          98.3
200 ,01011,01011,          98.5
200 ,01110,01110,          98.7

200 ,11010,11010,          98.9
200 ,01110,01110,          99.1
200 ,01011,01011,          99.3
200 ,01010,01010,          99.5
200 ,11010,11010,          99.7
200 ,00100,00100,          99.9

200 ,01111,01111,         100.1
200 ,01110,01110,         100.3
200 ,11010,11010,         100.5
200 ,01010,01010,         100.7
200 ,01011,01011,         100.9
200 ,01010,01010,         101.1
200 ,10100,10100,         101.3

200 ,01110,01110,         101.5
200 ,01011,01011,         101.7
200 ,01010,01010,         101.9
200 ,11010,11010,         102.1
200 ,01010,01010,         102.3
200 ,00101,00101,         102.5
200 ,00100,00100,         102.7

200 ,11110,11110,         102.9
200 ,01010,01010,         103.1
200 ,01111,01111,         103.3
200 ,01010,01010,         103.5
200 ,11010,11010,         103.7
200 ,01010,01010,         103.9
200 ,00101,00101,         104.1


# transition to end of mid section
200 ,11111,11111,         104.3
200 ,00011,00011,         104.5
200 ,00000,00000,         104.7
200 ,11000,11000,         104.9

200 ,00000,00000,         105.1
200 ,00001,00001,         105.3
200 ,00000,00000,         105.5
200 ,10000,10000,         105.7

200 ,00000,00000,         105.9
200 ,00010,00010,         106.1
200 ,00000,00000,         106.3
200 ,01000,01000,         106.5

200 ,00000,00000,         106.7
200 ,00001,00001,         106.9
200 ,00000,00000,         107.1
200 ,10000,10000,         107.3

200 ,00000,00000,         107.5

200 ,00011,00011,         107.7
200 ,11000,11000,         107.9
200 ,00001,00001,         108.1
200 ,10000,10000,         108.3

200 ,00011,00011,         108.5
200 ,11000,11000,         108.7
200 ,00001,00001,         108.9
200 ,10000,10000,         109.1

200 ,00011,00011,         109.3
200 ,11000,11000,         109.5
200 ,00001,00001,         109.7
200 ,10000,10000,         109.9

200 ,00011,00011,         110.1
200 ,11000,11000,         110.3
200 ,00001,00001,         110.5
200 ,10000,10000,         110.7


# mid section to end
200 ,01111,01111,         110.9
200 ,01110,01110,         111.1
200 ,11010,11010,         111.3
200 ,01010,01010,         111.5
200 ,00101,00101,         111.7
200 ,01110,01110,         111.9

200 ,11010,11010,         112.1
200 ,01110,01110,         112.3
200 ,01011,01011,         112.5
200 ,01010,01010,         112.7
200 ,11010,11010,         112.9
200 ,00100,00100,         113.1

400 ,01111,01111,         113.5
200 ,01010,01010,         113.7
200 ,11110,11110,         113.9
200 ,01010,01010,         114.1
200 ,01011,01011,         114.3
200 ,01010,01010,         114.5
200 ,10100,10100,         114.7

200 ,01110,01110,         114.9
200 ,01011,01011,         115.1
200 ,01110,01110,         115.3
200 ,11010,11010,         115.5
200 ,01010,01010,         115.7
200 ,00101,00101,         115.9
200 ,00100,00100,         116.1

200 ,01110,01110,         116.3
200 ,01011,01011,         116.5
200 ,01110,01110,         116.7
200 ,11010,11010,         116.9
200 ,00100,00100,         117.1


# ending
200 ,11111,11111,         117.5
1000,00000,00000,         118.1

200 ,11111,11111,         118.3
600 ,00000,00000,         118.9

200 ,11111,11111,         119.1
600 ,00000,00000,         119.7

200 ,11111,11111,         119.9
600 ,00000,00000,         120.5

200 ,11111,11111,         120.7
600 ,00000,00000,         121.3

200 ,11111,11111,         121.5
600 ,00000,00000,         122.1

200 ,11111,11111,         122.3
600 ,00000,00000,         122.9

200 ,11111,11111,         123.1
600 ,00000,00000,         123.7

3200,11111,11111,         126.9
100 ,00000,00000,         127.0

300 ,11111,11111,         127.3
1000,00000,00000,         128.3


end