2400,00000,00000,

# entrance 1.1
100 ,11111,11111,
300 ,00000,00000,
100 ,11111,11111,
100 ,00000,00000,
100 ,11111,11111,
100 ,00000,00000,

# entrance 1.2
100 ,11111,11111,
300 ,00000,00000,
100 ,11111,11111,
100 ,00000,00000,
100 ,11111,11111,
100 ,00000,00000,

# entrance 1.3
100 ,11111,11111,
300 ,00000,00000,
100 ,11111,11111,
100 ,00000,00000,
100 ,11111,11111,
100 ,00000,00000,

# entrance 1.4
100 ,11111,11111,
300 ,00000,00000,
100 ,11111,11111,
100 ,00000,00000,
100 ,11111,11111,
100 ,00000,00000,

# entrance 1.5
100 ,11111,11111,
300 ,00000,00000,
100 ,11111,11111,
100 ,00000,00000,
100 ,11111,11111,
100 ,00000,00000,

# entrance 1.6 (end starts with transition)
100 ,11111,11111,
300 ,00000,00000,
100 ,11111,11111,
100 ,00000,00000,
100 ,11111,11111,
200 ,00000,00000,


# transition to 2nd entrance part
200 ,10001,10001,
200 ,01010,01010,
200 ,10101,10101,
200 ,01010,01010,
200 ,00100,00100,
300 ,00000,00000,
100 ,11111,11111,
100 ,00000,00000,


# entrance 2.1
100 ,11111,11111,
300 ,00000,00000,
100 ,11111,11111,
100 ,00000,00000,
100 ,11111,11111,
100 ,00000,00000,

# entrance 2.2
100 ,11111,11111,
300 ,00000,00000,
100 ,11111,11111,
100 ,00000,00000,
100 ,11111,11111,
100 ,00000,00000,

# entrance 2.3
100 ,11111,11111,
300 ,00000,00000,
100 ,11111,11111,
100 ,00000,00000,
100 ,11111,11111,
100 ,00000,00000,

# entrance 2.4
100 ,11111,11111,
300 ,00000,00000,
100 ,11111,11111,
100 ,00000,00000,
100 ,11111,11111,
100 ,00000,00000,

# entrance 2.5
100 ,11111,11111,
300 ,00000,00000,
100 ,11111,11111,
100 ,00000,00000,
100 ,11111,11111,
100 ,00000,00000,

# entrance 2.6 (end starts with transition)
100 ,11111,11111,
500 ,00000,00000,
100 ,11111,11111,
100 ,00000,00000,
100 ,11111,11111,

# transition entrance end
100 ,11011,11011,
100 ,01010,01010,
100 ,01000,01000,
100 ,00100,00100,
100 ,00010,00010,
100 ,00100,00100,
100 ,01000,01000,
100 ,00100,00100,
100 ,01010,01010,
300 ,11011,11011,
200 ,00000,00000,


# section blinkers opposite
100 ,10000,10000,
100 ,11110,11110,

300 ,01010,01010,

200 ,00101,00101,
200 ,00100,00100,
100 ,10100,10100,
200 ,11111,11111,
200 ,01011,01011,
200 ,11111,11111,
200 ,11010,11010,
200 ,01010,01010,

100 ,00100,00100,

200 ,00101,00101,
200 ,00100,00100,
100 ,10100,10100,
200 ,11111,11111,
200 ,01011,01011,
200 ,11111,11111,
200 ,11010,11010,
200 ,10100,10100,

100 ,00100,00100,


# section blinkers opposite end
200 ,00101,00101,
200 ,11111,11111,
200 ,11110,11110,
300 ,01010,01010,
500 ,00101,00101,
200 ,11111,11111,

1500,00000,00000,


# section PAM....PAM.PAM
300 ,11111,11111,
1300,00000,00000,
200 ,11111,11111,

400 ,00000,00000,
100 ,11111,11111,
100 ,00000,00000,
100 ,11111,11111,

400 ,00000,00000,
100 ,11111,11111,
100 ,00000,00000,
100 ,11111,11111,

300 ,00000,00000,


# prepare for falcon wing doors
200 ,10000,10000,
200 ,00000,00000,
200 ,00001,00001,

500 ,00000,00000,
200 ,01000,01000,
300 ,00000,00000,
200 ,00010,00010,

200 ,00000,00000,
200 ,10001,10001,
200 ,00000,00000,
200 ,11111,11111,
200 ,00000,00000,
200 ,01010,01010,
100 ,00000,00000,


# falcon wing doors opening
200 ,00001,00001,
200 ,10000,10000,
200 ,00001,00001,
200 ,10000,10000,
200 ,00001,00001,

200 ,10000,10000,
200 ,00001,00001,
200 ,10000,10000,
200 ,00001,00001,
200 ,10000,10000,

200 ,00001,00001,
200 ,10000,10000,
200 ,00001,00001,
200 ,10000,10000,
200 ,00001,00001,

200 ,10000,10000,
200 ,00001,00001,
200 ,10000,10000,
200 ,00001,00001,
200 ,10000,10000,

200 ,00001,00001,
200 ,10000,10000,
200 ,00001,00001,
200 ,10000,10000,
200 ,00001,00001,

200 ,10000,10000,
200 ,00001,00001,
200 ,10000,10000,
200 ,00001,00001,
200 ,10000,10000,

200 ,00001,00001,
200 ,10000,10000,
200 ,00001,00001,
200 ,10000,10000,
200 ,00001,00001,

# falcon wing doors still opening (bells section)
100 ,01001,01001,
100 ,10100,10100,
100 ,10010,10010,
100 ,00101,00101,
100 ,01001,01001,
100 ,10100,10100,
100 ,10010,10010,
200 ,01111,01111,
200 ,11110,11110,

200 ,10000,10000,
200 ,00001,00001,
100 ,10010,10010,
100 ,10100,10100,
100 ,01001,01001,
100 ,00101,00101,

100 ,10010,10010,
100 ,10100,10100,
100 ,01001,01001,
100 ,00101,00101,
200 ,01111,01111,
200 ,11110,11110,
200 ,01111,01111,

200 ,00001,00001,
100 ,11000,11000,
100 ,10100,10100,
100 ,00011,00011,
100 ,00101,00101,
100 ,11000,11000,
200 ,10000,10000,

200 ,01011,01011,
200 ,11010,11010,
100 ,01011,01011,
100 ,00001,00001,
200 ,11010,11010,
200 ,00001,00001,
200 ,11100,11100,

200 ,00001,00001,
200 ,10110,10110,
200 ,00001,00001,
200 ,11100,11100,
200 ,00001,00001,

200 ,10000,10000,
100 ,01001,01001,
100 ,00101,00101,
100 ,10010,10010,
100 ,10100,10100,
100 ,01001,01001,
100 ,00101,00101,

100 ,10010,10010,
100 ,10100,10100,
200 ,01111,01111,
200 ,11110,11110,
100 ,01111,01111,
100 ,00001,00001,
200 ,10000,10000,

100 ,01001,01001,
100 ,00101,10100,
100 ,10010,00011,
100 ,10100,10100,
100 ,01001,01001,
100 ,00101,10100,
100 ,00010,00011,
100 ,00100,10100,
200 ,11110,01111,

200 ,01111,01111,
200 ,11110,11110,
200 ,00001,10000,
200 ,10000,10000,
100 ,00011,00001,
100 ,00101,00101,
100 ,11000,11000,

100 ,10100,00101,
100 ,10010,10010,
100 ,00001,00001,
100 ,01011,11010,
200 ,11010,11010,
100 ,00001,00001,
200 ,00011,10010,

200 ,10010,10010,
100 ,00001,00001,
200 ,01001,11000,
100 ,11000,11000,
200 ,10000,00001,
200 ,00111,10110,
200 ,10000,10000,

200 ,01101,01101,
200 ,10000,10000,
200 ,00001,00001,

# falcon wing doors end
200 ,11111,11111,
100 ,01110,01110,

1200,00000,00000,


# section PAM....PAM.PAM
300 ,11111,11111,
1300,00000,00000,
200 ,11111,11111,

400 ,00000,00000,
100 ,11111,11111,
100 ,00000,00000,
100 ,11111,11111,

400 ,00000,00000,
100 ,11111,11111,
100 ,00000,00000,
100 ,11111,11111,

500 ,00000,00000,
100 ,11111,11111,
200 ,00000,00000,
200 ,11111,11111,

400 ,00000,00000,


# section up/down/up/down/...
200 ,11111,11111,
200 ,11110,11110,
200 ,01110,01110,
200 ,01001,01001,
200 ,00100,00100,
200 ,10010,10010,

400 ,11111,11111,
200 ,01111,01111,
400 ,01010,01010,
200 ,10100,10100,

200 ,00100,00100,
200 ,00101,00101,
200 ,11111,11111,
200 ,11110,11110,
200 ,11111,11111,
200 ,01011,01011,

200 ,01010,01010,
200 ,10100,10100,
200 ,00100,00100,
200 ,01111,01111,
200 ,01010,01010,

200 ,10100,10100,
200 ,00100,00100,
200 ,11111,11111,
300 ,00000,00000,
200 ,01110,01110,
200 ,01010,01010,
200 ,00100,00100,

100 ,11111,11111,
300 ,00000,00000,


# section up/down/up/down/... (2nd)
200 ,11110,11110,
200 ,01110,01110,
200 ,01001,01001,
200 ,00100,00100,
200 ,10010,10010,

200 ,01110,01110,
200 ,01011,01011,
200 ,01110,01110,
200 ,11110,11110,

200 ,01010,01010,
200 ,00101,00101,
200 ,00100,00100,
200 ,11110,11110,
200 ,11011,11011,
200 ,01111,01111,
200 ,11011,11011,

200 ,11010,11010,
200 ,00100,00100,
200 ,00101,00101,

200 ,01110,01110,
200 ,11010,11010,
400 ,01110,01110,
200 ,11111,11111,


# transition
1400,00000,00000,
200 ,11111,11111,
1400,00000,00000,
200 ,11111,11111,
7600,00000,00000,


# front side doors opening (1 - entrance)
200 ,00000,00000,
100 ,11011,11011,
100 ,10001,10001,

200 ,00000,00000,
100 ,11011,11011,
100 ,10001,10001,

100 ,00000,00000,
100 ,11011,11011,
100 ,10001,10001,

100 ,00000,00000,
100 ,11011,11011,
100 ,10001,10001,

# front side doors opening (2)
200 ,00000,00000,
100 ,11011,11011,
100 ,10001,10001,

300 ,00000,00000,
100 ,11011,11011,
100 ,10001,10001,

100 ,00000,00000,
100 ,10001,10001,
100 ,11011,11011,

200 ,00000,00000,
100 ,11011,11011,
100 ,10001,10001,
100 ,00000,00000,

# front side doors opening (3)
200 ,00000,00000,
100 ,11011,11011,
100 ,10001,10001,

300 ,00000,00000,
100 ,11011,11011,
100 ,10001,10001,

100 ,00000,00000,
100 ,10001,10001,
100 ,11011,11011,

200 ,00000,00000,
100 ,11011,11011,
100 ,10001,10001,
100 ,00000,00000,

# front side doors opening (4)
200 ,00000,00000,
100 ,11011,11011,
100 ,10001,10001,

300 ,00000,00000,
100 ,11011,11011,
100 ,10001,10001,

100 ,00000,00000,
100 ,10001,10001,
100 ,11011,11011,

200 ,00000,00000,
100 ,11011,11011,
100 ,10001,10001,
100 ,00000,00000,

# front side doors opening (5)
200 ,00000,00000,
100 ,11011,11011,
100 ,10001,10001,

300 ,00000,00000,
100 ,11011,11011,
100 ,10001,10001,

100 ,00000,00000,
100 ,10001,10001,
100 ,11011,11011,

200 ,00000,00000,
100 ,11011,11011,
100 ,10001,10001,
100 ,00000,00000,

# front side doors opening (6)
200 ,00000,00000,
100 ,11011,11011,
100 ,10001,10001,

300 ,00000,00000,
100 ,11011,11011,
100 ,10001,10001,

100 ,00000,00000,
100 ,10001,10001,
100 ,11011,11011,

200 ,00000,00000,
100 ,11011,11011,
100 ,10001,10001,
100 ,00000,00000,

# front side doors opening (7)
200 ,00000,00000,
100 ,11011,11011,
100 ,10001,10001,

300 ,00000,00000,
100 ,11011,11011,
100 ,10001,10001,

100 ,00000,00000,
100 ,10001,10001,
100 ,11011,11011,

200 ,00000,00000,
100 ,11011,11011,
100 ,10001,10001,
100 ,00000,00000,

# front side doors opening (8)
200 ,00000,00000,
100 ,11011,11011,
100 ,10001,10001,

300 ,00000,00000,
100 ,11011,11011,
100 ,10001,10001,

100 ,00000,00000,
100 ,10001,10001,
100 ,11011,11011,

200 ,00000,00000,
100 ,11011,11011,
100 ,10001,10001,
100 ,00000,00000,

# front side doors opening (9)
200 ,00000,00000,
100 ,11011,11011,
100 ,10001,10001,

300 ,00000,00000,
100 ,11011,11011,
100 ,10001,10001,

100 ,00000,00000,
100 ,10001,10001,
100 ,11011,11011,

200 ,00000,00000,
100 ,11011,11011,
100 ,10001,10001,
100 ,00000,00000,

300 ,00000,00000,


# prepare and close front side doors
900 ,01110,01110,
200 ,11111,11111,
1400,00000,00000,
200 ,11111,11111,
600 ,00000,00000,
200 ,11111,11111,
600 ,00000,00000,
200 ,11111,11111,
600 ,00000,00000,
100 ,11111,11111,
300 ,00000,00000,
200 ,11111,11111,
200 ,00000,00000,


# mid section to end
200 ,11111,11111,
200 ,01111,01111,
200 ,01110,01110,
200 ,11010,11010,
200 ,01010,01010,
200 ,01011,01011,
200 ,01110,01110,

200 ,11010,11010,
200 ,01110,01110,
200 ,01011,01011,
200 ,01010,01010,
200 ,11010,11010,
200 ,00100,00100,

200 ,01111,01111,
200 ,01110,01110,
200 ,11010,11010,
200 ,01010,01010,
200 ,01011,01011,
200 ,01010,01010,
200 ,10100,10100,

200 ,01110,01110,
200 ,01011,01011,
200 ,01010,01010,
200 ,11010,11010,
200 ,01010,01010,
200 ,00101,00101,
200 ,00100,00100,

200 ,11110,11110,
200 ,01010,01010,
200 ,01111,01111,
200 ,01010,01010,
200 ,11010,11010,
200 ,01010,01010,
200 ,00101,00101,


# transition to end of mid section
200 ,11111,11111,
200 ,00011,00011,
200 ,00000,00000,
200 ,11000,11000,

200 ,00000,00000,
200 ,00001,00001,
200 ,00000,00000,
200 ,10000,10000,

200 ,00000,00000,
200 ,00010,00010,
200 ,00000,00000,
200 ,01000,01000,

200 ,00000,00000,
200 ,00001,00001,
200 ,00000,00000,
200 ,10000,10000,

200 ,00000,00000,

200 ,00011,00011,
200 ,11000,11000,
200 ,00001,00001,
200 ,10000,10000,

200 ,00011,00011,
200 ,11000,11000,
200 ,00001,00001,
200 ,10000,10000,

200 ,00011,00011,
200 ,11000,11000,
200 ,00001,00001,
200 ,10000,10000,

200 ,00011,00011,
200 ,11000,11000,
200 ,00001,00001,
200 ,10000,10000,


# mid section to end
200 ,01111,01111,
200 ,01110,01110,
200 ,11010,11010,
200 ,01010,01010,
200 ,00101,00101,
200 ,01110,01110,

200 ,11010,11010,
200 ,01110,01110,
200 ,01011,01011,
200 ,01010,01010,
200 ,11010,11010,
200 ,00100,00100,

400 ,01111,01111,
200 ,01010,01010,
200 ,11110,11110,
200 ,01010,01010,
200 ,01011,01011,
200 ,01010,01010,
200 ,10100,10100,

200 ,01110,01110,
200 ,01011,01011,
200 ,01110,01110,
200 ,11010,11010,
200 ,01010,01010,
200 ,00101,00101,
200 ,00100,00100,

200 ,01110,01110,
200 ,01011,01011,
200 ,01110,01110,
200 ,11010,11010,
200 ,00100,00100,

# ending
200 ,11111,11111,
600 ,00000,00000,

200 ,11111,11111,
600 ,00000,00000,

200 ,11111,11111,
600 ,00000,00000,

200 ,11111,11111,
600 ,00000,00000,

200 ,11111,11111,
600 ,00000,00000,

200 ,11111,11111,
600 ,00000,00000,

200 ,11111,11111,
600 ,00000,00000,

200 ,11111,11111,
600 ,00000,00000,

3200,11111,11111,
100 ,00000,00000,

300 ,11111,11111,
1000,00000,00000,


end